0 0.09743385251838095 0.5127418593676263 0.027264964731676104 0.6685543495359447
1 0.14911471085507916 0.4857395020438499 0.005398574846038726 0.9772389446302487
1 0.1903922618773925 0.4862542955326461 0.010436603368743493 0.9762093576526565
1 0.2259384929286092 0.4827812090585818 0.03770627614821692 0.983155530600785
1 0.33893368360111104 0.4845339845339845 0.013891165789180832 0.9796499796499794
1 0.387333160397592 0.48249898249898243 0.01327923648664815 0.9837199837199837
1 0.44371481547297736 0.4807692307692307 0.007879322311223146 0.9871794871794871
1 0.8410582478952761 0.4807692307692307 0.010228390665012757 0.9871794871794871
1 0.7446889955270608 0.4852700490998362 0.012053805581889279 0.9781778505182763
1 0.7085508325011904 0.4807692307692307 0.010103328455645046 0.9871794871794871
1 0.6381503927238712 0.4807692307692307 0.011632564938149872 0.9871794871794871
1 0.508425845518342 0.4807692307692307 0.010226354489034254 0.9871794871794871
