0 0.09422145358623076 0.6611192991075086 0.027771380950468563 0.6099647916154912
1 0.15509312495548336 0.4932653729632359 0.007208615761025594 0.9456726439040368
1 0.2032555840393613 0.48417502594258033 0.009152224501291639 0.9638533379453476
1 0.23384725983416627 0.4580594949844344 0.02641102952809033 0.9500172950536144
1 0.34239431107283336 0.490500273373428 0.008759320702658875 0.9512028430836522
1 0.3871879734639543 0.4802487698195734 0.01045702602121116 0.9717058501913615
1 0.4318562477673464 0.4844122866058863 0.03401807893840095 0.9633788166187356
1 0.5447034705221112 0.4782934589732608 0.005869067830962979 0.9756164718839868
1 0.5630871776130484 0.4708131921923761 0.010041796921942327 0.9728935935874687
1 0.6378829010253482 0.4782934589732608 0.009170909539078278 0.9756164718839868
1 0.7042136038362956 0.4782934589732608 0.01145357479739433 0.9756164718839868
1 0.7549845804395521 0.47523404515694806 0.008955927107718172 0.9817352995166126
1 0.8395654672049885 0.4782934589732608 0.00921796880395462 0.9756164718839868
