0 0.09263851726163289 0.4873417721518987 0.02904131044834562 0.40687160940325456
1 0.1551299660912868 0.49030433611634794 0.006944515641454142 0.9687584163748991
1 0.20707180893752047 0.4869377861567465 0.010228490983328979 0.9754915162941019
1 0.2419264225288168 0.4903043361163478 0.02210503443780331 0.9687584163748989
1 0.34367428642961667 0.49030433611634794 0.010793651249249187 0.9687584163748991
1 0.3886988132150112 0.4839752221922971 0.011420740063956145 0.9695663883652033
1 0.5447773347454122 0.500403985995152 0.007684972845120074 0.9485591166172908
1 0.563975091359353 0.49030433611634794 0.01157527141168748 0.9687584163748991
1 0.6392074039682528 0.49367088607594944 0.012841292389719455 0.9620253164556963
1 0.748325008376918 0.5010700300519081 0.01411306778400315 0.9472270285037784
1 0.8400021822651517 0.4919633913122668 0.009477104291897711 0.9654403059830613
