0 0.09534613493496673 0.4770048309178746 0.023151363615316948 0.7987117552334947
1 0.1502122024590423 0.4965056360708535 0.005440754190580571 0.9536553945249593
1 0.19684015346692074 0.4932850241545893 0.009619028581689398 0.9600966183574878
1 0.22671779709146922 0.4965056360708535 0.019543761763532754 0.9536553945249593
1 0.33737264852945603 0.49006441223832525 0.005371023295139783 0.9665378421900158
1 0.3842961721887675 0.4804025764895331 0.004848702734184957 0.9858615136876007
1 0.42867273462016997 0.4845551982851019 0.039063723249359666 0.977556270096463
1 0.5424667802132153 0.4919047619047619 0.008038904800601777 0.9628571428571431
1 0.6386855860555085 0.48555555555555546 0.00834854708656629 0.9755555555555558
1 0.7051465953793659 0.47396825396825387 0.009997609267349121 0.9523809523809527
1 0.7570668296436543 0.4982539682539683 0.008645841156861546 0.9501587301587302
1 0.8432228998751136 0.49190476190476196 0.010563945411047262 0.9628571428571432
