0 0.09507700843915841 0.4670588235294118 0.023268093179763926 0.7483660130718954
1 0.15051151540607882 0.48245098039215684 0.006386326290093248 0.9817647058823531
1 0.19742496849504895 0.48245098039215684 0.010944298057208424 0.9817647058823531
1 0.22899089216711477 0.48081699346405243 0.020380545755731058 0.9850326797385623
1 0.3369728703837816 0.48408496732026146 0.0074670086996561575 0.9784967320261438
1 0.38377889826730677 0.4906209150326798 0.006216838426130615 0.9654248366013073
1 0.43243946144886036 0.48771604938271607 0.03208652301266909 0.9712345679012343
1 0.5424671348008381 0.49080246913580255 0.005340983938102838 0.9650617283950617
1 0.6382947425213134 0.49080246913580255 0.0093599095063419 0.9650617283950617
1 0.7059614859231281 0.48462962962962963 0.008614825726608523 0.9774074074074071
1 0.8423024902316572 0.493888888888889 0.010407505946351089 0.9588888888888888
1 0.7565725462170904 0.4815432098765433 0.010947550300536445 0.9835802469135801
