0 0.09703034850963847 0.5221130221130222 0.0242345212759414 0.6774306774306774
1 0.15095678205125398 0.4944717444717446 0.005871049125081709 0.959108459108459
1 0.19531199313054712 0.483941733941734 0.016588138852465684 0.9801684801684801
1 0.22699576452572484 0.4927167427167428 0.025089709617085818 0.9626184626184626
1 0.33896676030712564 0.48572459286744996 0.009821882088411551 0.9766027623170482
1 0.3851486603267789 0.4908781694495983 0.008984997211056856 0.9662956091527516
1 0.5428515704161612 0.501185322613894 0.007219494301338543 0.9456813028241596
1 0.561804456774871 0.4960317460317462 0.011168428328191708 0.9559884559884557
1 0.6378611526540521 0.47670583384869114 0.007947345225451687 0.9585652442795306
1 0.8426447820671267 0.48572459286744996 0.01219999755356244 0.9766027623170482
