0 0.8896634475419807 0.30507462686567155 0.025809476405345706 0.5024875621890547
1 0.8510654937003299 0.48000000000000004 0.004416797079055222 0.9866666666666667
1 0.8123259818292408 0.48000000000000004 0.009359353807486245 0.9866666666666667
1 0.682971573290907 0.4902150537634409 0.00535740376966404 0.966236559139785
1 0.634186729873208 0.4998924731182796 0.00487036706333104 0.9468817204301075
1 0.3702813844437954 0.48000000000000004 0.00889516475484563 0.9866666666666667
1 0.24028525859640631 0.48000000000000004 0.014818391166933655 0.9866666666666667
1 0.16647721410788918 0.48000000000000004 0.008110692411754057 0.9866666666666667
1 0.7823001910584909 0.4932398753894077 0.014360269986263205 0.960186915887851
1 0.7119052709054436 0.49323987538940783 0.010911746369490294 0.9601869158878511
1 0.4701952880640048 0.5233333333333333 0.00984201045110976 0.9
