0 0.09644831398562742 0.6033333333333332 0.025013819789939187 0.6777777777777779
1 0.1268151776231605 0.4961480433757661 0.00722729276523275 0.9543705799151345
1 0.17161471784432417 0.4876614804337576 0.009849658478517981 0.9713437057991515
1 0.21082108283881792 0.49385542168674695 0.013418225139363431 0.9589558232931724
1 0.3211487140101017 0.5043132887899034 0.005290923793009865 0.9380400890868599
1 0.33324627098458665 0.5085888077858883 0.00474289603824408 0.9294890510948906
1 0.3680209755838022 0.52 0.005693692461136831 0.9066666666666667
1 0.5259942482751703 0.53 0.005787071244437913 0.8866666666666667
1 0.6210204498014658 0.5366666666666667 0.005921496617857109 0.8733333333333334
1 0.6909916156730863 0.5395238095238097 0.008422463755554398 0.8676190476190476
1 0.7371346286400644 0.5214951989026063 0.006892833500535798 0.9036762688614541
1 0.8405223880597015 0.4993333333333334 0.012885572139303527 0.948
1 0.9027114427860695 0.49266666666666675 0.015572139303482564 0.9613333333333334
