0 0.10436590896264145 0.5051878586445544 0.02701562806427597 0.8222123833345076
1 0.14141271487898988 0.47972972972972977 0.005306710763721294 0.9864864864864865
1 0.1836123075486454 0.49857752489331436 0.011380747277375085 0.9487908961593173
1 0.21911655756248996 0.47972972972972977 0.022955618518843562 0.9864864864864865
1 0.3308815656830057 0.47972972972972977 0.009282474132576423 0.9864864864864865
1 0.3754533898341531 0.47972972972972977 0.00737494015385198 0.9864864864864865
1 0.8500437248808447 0.47972972972972977 0.009727155262496267 0.9864864864864865
1 0.7253053144269374 0.47972972972972977 0.0067150299061243725 0.9864864864864865
1 0.5360020404583494 0.47972972972972977 0.0065685036439092435 0.9864864864864865
1 0.6315878610048593 0.47972972972972977 0.009265673073185642 0.9864864864864865
1 0.4279317891818555 0.49055249940205636 0.025109158000896692 0.9648409471418333
1 0.7423205570921074 0.47972972972972977 0.007034505276217754 0.9864864864864865
