0 0.09896894986033371 0.46561969439728335 0.02480559959448236 0.7003395585738542
1 0.1416148104176475 0.48355263157894735 0.004727447649069661 0.9802631578947368
1 0.18022283217833424 0.49026584317937716 0.02932986798797055 0.9668367346938772
1 0.2196743291097783 0.48684210526315824 0.028401531123984212 0.9197099892588617
1 0.3173402861646163 0.49697905477980675 0.007267721531942802 0.9534103114930179
1 0.3667116608007834 0.49362244897959184 0.010315221791933785 0.9601235230934474
1 0.41398517474741536 0.48690923737916236 0.03782440144660444 0.9735499462943068
1 0.528549614818707 0.4951501349527665 0.008157532751885455 0.9570681511470985
1 0.5453257657323558 0.4951501349527665 0.0057043823249849105 0.9570681511470985
1 0.629832018263553 0.48460695006747634 0.008513147963980826 0.9781545209176787
1 0.6999738486998384 0.49093286099865036 0.01570522639692485 0.9655026990553307
1 0.75214011622931 0.48671558704453444 0.009128109422846108 0.973937246963563
1 0.8384483177095389 0.4930414979757085 0.010075659671321678 0.9612854251012145
