0 0.895744588965461 0.4322523019434214 0.02874432087400501 0.806666567284328
1 0.853892935992239 0.47972972972972977 0.005449015466437 0.9864864864864865
1 0.8269576312279495 0.47972972972972977 0.00926708365327595 0.9864864864864865
1 0.7927301947438079 0.47972972972972977 0.013013146268149728 0.9864864864864865
1 0.6961525577444209 0.47972972972972977 0.004985829835951146 0.9864864864864865
1 0.6497476322995998 0.47972972972972977 0.004442874580353354 0.9864864864864865
1 0.6011749859408085 0.4864864864864865 0.022762765473245374 1.0
1 0.48651302601329044 0.4799663476706279 0.007553557628802706 0.9860132506046903
1 0.3862477222887962 0.47972972972972977 0.010142219010192528 0.9864864864864865
1 0.2537087777896661 0.4960848699166461 0.009257407088661787 0.9537762061126539
1 0.1671720434224649 0.47972972972972977 0.01099271639903311 0.9864864864864865
