0 0.9051270522331438 0.5419613615832829 0.028190528418301882 0.7973672027036898
1 0.8691790136980752 0.4794520547945205 0.0058195059975964724 0.9863013698630136
1 0.8131289816171646 0.4794520547945205 0.009302386817790774 0.9863013698630136
1 0.7702876817113333 0.4794520547945205 0.01716869126691668 0.9863013698630136
1 0.682037959744573 0.4794520547945205 0.005328249986639475 0.9863013698630136
1 0.6372546680152554 0.4794520547945205 0.006219382176737037 0.9863013698630136
1 0.5910107643079663 0.4726027397260274 0.013647434658664534 0.9726027397260273
1 0.48480622541217455 0.4794520547945205 0.0066706207393615125 0.9863013698630136
1 0.388882451674373 0.4794520547945205 0.01387556445809506 0.9863013698630136
1 0.32381020591714393 0.4726027397260274 0.011661520896850758 0.9726027397260273
1 0.2802649228705567 0.4726027397260274 0.009054325955734407 0.9726027397260273
1 0.1542363939735977 0.4726027397260274 0.00950826912695688 0.9726027397260273
