0 0.9119952236213635 0.4109979023074621 0.023067737733391273 0.7117171111777042
1 0.8695169580320565 0.4910098891219661 0.0037864128074912118 0.9616421935870542
1 0.828001519756839 0.48591549295774666 0.03093790707772472 0.9214863649985012
1 0.7880618054833561 0.49100988912196597 0.01619091448386366 0.961642193587054
1 0.6983831059936815 0.4872640095894517 0.007263389581804841 0.9691339526520826
1 0.6512816163699523 0.4872640095894517 0.008045212765957368 0.9691339526520826
1 0.6034736464143761 0.49475576865448023 0.035095360566485254 0.9541504345220254
1 0.49415290108800425 0.4910098891219661 0.00642347477696377 0.9616421935870542
1 0.39866151406314254 0.47977225052442335 0.01463740068381867 0.9841174707821393
1 0.36752788824086197 0.49100988912196597 0.021301977089626577 0.961642193587054
1 0.3274110736876694 0.4835181300569374 0.014342338430484299 0.9766257117171111
1 0.281284980609999 0.4910098891219661 0.012732792309880643 0.9616421935870542
1 0.16202064812487146 0.4872640095894517 0.009766437370020803 0.9691339526520826
