0 0.09722641183263733 0.4895073759682903 0.027343090222630834 0.7901781346331632
1 0.13187377158508362 0.48051948051948057 0.006210901056381788 0.9870129870129871
1 0.1873737373737374 0.48051948051948057 0.008585858585858586 0.9870129870129871
1 0.31973679585130244 0.48807006946541825 0.005511139328637735 0.9719118091211116
1 0.8491872477066038 0.48051948051948057 0.008585795757609746 0.9870129870129871
1 0.525200520294857 0.49505718162434587 0.005407040218366744 0.9579375848032564
1 0.7606289287267669 0.48051948051948057 0.007164295106549685 0.9870129870129871
1 0.2227470786294316 0.4949707155589511 0.02384630619924739 0.9581105169340463
1 0.4091897233201582 0.5005411255411252 0.02561850387937348 0.9469696969696982
1 0.6291251572501573 0.4831478045763762 0.013950170200170456 0.9817563388991958
0 0.10563095028340075 0.48550521480126 0.027343090222630834 0.7901781346331632
1 0.1431268083926746 0.4610389610389611 0.0053710345305542796 0.9480519480519481
1 0.18583791127650778 0.47915242652084755 0.011518695729222057 0.9118250170881751
1 0.2217725158359747 0.4610389610389611 0.02323386844028409 0.9480519480519481
1 0.33489225132764827 0.4610389610389611 0.009394988970547047 0.9480519480519481
1 0.38000434001396105 0.4610389610389611 0.007464333367838066 0.9480519480519481
1 0.8603472851824308 0.4610389610389611 0.00984506017476895 0.9480519480519481
1 0.7340968939957487 0.4610389610389611 0.00679642420801679 0.9480519480519481
1 0.5424990348881477 0.4610389610389611 0.006648121869896023 0.9480519480519481
1 0.6392434714412819 0.4610389610389611 0.009377984261951529 0.9480519480519481
1 0.4331188411719386 0.4714400643604178 0.025413511431210595 0.9272497414090347
1 0.7513183820265573 0.4610389610389611 0.007119772006838576 0.9480519480519481
