0 0.09997706928420597 0.4676296810122847 0.02923766901879953 0.7761086789222427
1 0.14158985895646978 0.4794520547945205 0.004798833936087945 0.9863013698630136
1 0.18736551534946724 0.4794520547945205 0.00934427213263723 0.9863013698630136
1 0.23331533060720627 0.4794520547945205 0.012258999219881845 0.9863013698630136
1 0.32526137589440707 0.4794520547945205 0.005849452302017602 0.9863013698630136
1 0.3695684063110359 0.4794520547945205 0.0077005684055512025 0.9863013698630136
1 0.4199605184981697 0.49823313846959244 0.023318362731506656 0.9487392025128698
1 0.8292377131394183 0.4794520547945205 0.009528585757271816 0.9863013698630136
1 0.7447342026078235 0.4794520547945205 0.012370444667335377 0.9863013698630136
1 0.6989235665651022 0.48630136986301364 0.010088944311827747 1.0
1 0.5330550474954275 0.4794520547945205 0.006637559738037649 0.9863013698630136
1 0.6288137953503066 0.48273869086642973 0.012069758513876757 0.9797280977191952
