0 0.9078788578548297 0.41226287262872585 0.028014908301125446 0.8523035230352297
1 0.8758758523747777 0.4866960183767229 0.006358033151184873 0.9710524076909985
1 0.8221217272127676 0.4897030651340995 0.009365397036624633 0.9650383141762457
1 0.7861255115112082 0.5136494252873562 0.01590330128451341 0.9171455938697318
1 0.6857046228407642 0.5106561302681991 0.012710908054026603 0.9231321839080462
1 0.6390423710867188 0.5136494252873562 0.011152190025765014 0.9171455938697318
1 0.5767984099045667 0.5136494252873566 0.012489277367457498 0.9171455938697308
1 0.4776564936427738 0.5084626630679262 0.00741000409731961 0.9275191183085919
1 0.3768211359244399 0.4987445969997456 0.010551176659524729 0.9469552504449531
1 0.31040153734753384 0.4909755770263015 0.011711850944950346 0.9624932903918414
1 0.2732939857344646 0.497685185185185 0.007216238024835781 0.9490740740740747
1 0.15031939942101508 0.4897030651340996 0.010447149528508833 0.9650383141762451
