0 0.9089205298882719 0.5299145299145299 0.02543752543752538 0.8394383394383395
1 0.8662061160807608 0.5010683760683761 0.004997472488697666 0.9343711843711843
1 0.8418803418803419 0.46632071632071614 0.021334698754053517 0.9462759462759459
1 0.8100386769741608 0.47817460317460314 0.02395304814659652 0.9801587301587301
1 0.7033336789755485 0.4841705913134482 0.009448089764087104 0.9681667538810398
1 0.6538077376950179 0.48417059131344825 0.007738700858883573 0.9681667538810399
1 0.6007941592645435 0.49725274725274704 0.04181721405752186 0.9420024420024423
1 0.48141771183245835 0.47540554683411795 0.009002773979732532 0.933193790336647
1 0.37452106183709477 0.4836860670194004 0.01729040267515667 0.9691358024691356
1 0.3006895202678805 0.47840748192860894 0.022606524916357486 0.9796929726507185
1 0.24237017761183471 0.4895856621208736 0.009816739454983361 0.9573366122661892
1 0.16895666612178042 0.48213354199269703 0.009147427375884117 0.9722408525225421
