0 0.08061528335090964 0.4461061946902656 0.03309775369197705 0.9188790560471978
1 0.12059500972512 0.49991150442477894 0.007952601566532838 0.9468436578171089
1 0.16879272815049257 0.49106194690265487 0.009789882889471547 0.9645427728613567
1 0.19973191428116902 0.48221238938053124 0.011042452085149564 0.9822418879056047
1 0.30389064133763655 0.4881120943952803 0.012146340496001683 0.9704424778761058
1 0.349672624235272 0.49991150442477894 0.010509444861951269 0.9468436578171089
1 0.4096124725437291 0.5117109144542775 0.008232672615192147 0.9232448377581117
1 0.5104486725727284 0.4926527050610821 0.007465723821887899 0.9613612565445026
1 0.8445311902923475 0.48925925925925945 0.010078437541447311 0.9681481481481479
1 0.6136647062242725 0.4913168724279831 0.013754214892434034 0.9640329218107005
1 0.755506212937345 0.49444444444444424 0.006240783066237208 0.9577777777777784
1 0.7297962584261154 0.49888888888888877 0.01617056729531164 0.9488888888888892
1 0.6822448023176552 0.48555555555555546 0.01309219495569178 0.9755555555555558
