0 0.9064216725163834 0.5284877977593677 0.028949305505806853 0.7128712871287128
1 0.8689918712359083 0.48360892343688544 0.004365559824158844 0.9772265975706735
1 0.8212782584138606 0.48273107177974434 0.006165356149910395 0.9932399213372665
1 0.7975648452391428 0.4930555555555555 0.013962793276099691 0.986111111111111
1 0.697393161418843 0.4861111111111111 0.005437659637289156 1.0
1 0.48661922361169857 0.5069444444444444 0.00657160164010599 0.9305555555555555
1 0.3879496164883307 0.4930555555555555 0.008436682647755288 0.986111111111111
1 0.10332023162282682 0.4861111111111111 0.012406326613462037 1.0
1 0.2655062128511709 0.4861111111111111 0.008644825802695159 1.0
1 0.16034063566848492 0.47993353783231063 0.010235446769378058 0.984577368779823
