0 0.906759982332579 0.37422732189769736 0.026761206631312384 0.7762324215731725
1 0.8729923388459159 0.47916666666666663 0.005641433422037643 0.986111111111111
1 0.837937852673296 0.4861111111111111 0.009238154031442961 1.0
1 0.8040148036301488 0.47916666666666663 0.014332216627018045 0.986111111111111
1 0.6966642637197912 0.47916666666666663 0.006875450122885911 0.986111111111111
1 0.6480376168940292 0.47916666666666663 0.007960607983632554 0.986111111111111
1 0.5941347975882826 0.4861111111111111 0.023803520549701685 1.0
1 0.4815240474123499 0.47916666666666663 0.009264950740288054 0.986111111111111
1 0.37660453628850993 0.4861111111111111 0.012047476714696985 1.0
1 0.2759827188240063 0.4861111111111111 0.00858751691160131 1.0
1 0.1501974500054383 0.4861111111111111 0.011835073247073134 1.0
