0 0.8929977183432288 0.4040372236216066 0.026169895798476894 0.821858382311783
1 0.860339864381124 0.47916666666666663 0.005560208509708279 0.986111111111111
1 0.8194683647996471 0.47916666666666663 0.017410539263271067 0.986111111111111
1 0.7779627613260061 0.47916666666666663 0.013995328284962761 0.986111111111111
1 0.6730915053963911 0.47916666666666663 0.008232792691392632 0.986111111111111
1 0.6278617810664433 0.5031583217431618 0.005463691006833765 0.9381278009581209
1 0.5717669511875566 0.47916666666666663 0.013491347638699696 0.986111111111111
1 0.469909553917052 0.5052521875515932 0.005689362296374413 0.933940069341258
1 0.3751525384757095 0.4951060043330238 0.010804087269322386 0.9542324357783967
1 0.3042825861271776 0.47916666666666663 0.009591357807746621 0.986111111111111
1 0.15292900268385423 0.4865023474178402 0.011116942279387466 0.9714397496087639
