0 0.9012431688863425 0.39033198470395386 0.028133920931518137 0.8084417471856855
1 0.8656424025857166 0.47916666666666663 0.005325501601878518 0.986111111111111
1 0.8354473532953179 0.47916666666666663 0.007183151058447801 0.986111111111111
1 0.8071912292874521 0.4930555555555555 0.013654378163575398 0.986111111111111
1 0.7079416662932322 0.47916666666666663 0.005645232439503552 0.986111111111111
1 0.6601786608345139 0.4861111111111111 0.00620689345750664 1.0
1 0.49570926592604464 0.513287401574803 0.005798887922038481 0.945647419072616
1 0.3888044714638658 0.4861111111111111 0.011859990882289551 1.0
1 0.25353006970277053 0.4861111111111111 0.008453875835165747 1.0
1 0.1705683861077935 0.47916666666666663 0.01007890128924303 0.986111111111111
