0 0.10401661580137271 0.5803586011965588 0.028067658833574413 0.776590218266134
1 0.13460513967438725 0.4831683168316831 0.005985456116826103 0.9765205091937766
1 0.1783573501883185 0.4945544554455446 0.011352727897530031 0.9823196605374822
1 0.22029593014273943 0.48599717114568597 0.016457392865723366 0.9708628005657709
1 0.3301281697574559 0.48458274398868456 0.02236736321098463 0.9736916548797737
1 0.3812074551572573 0.48458274398868456 0.00775263749053038 0.9736916548797737
1 0.8498854021265229 0.4870579915134371 0.01249375312343828 0.9857142857142857
1 0.743332255612679 0.4833811916726489 0.006999820957426759 0.9953338119167264
1 0.5386766456446198 0.48465346534653464 0.0060176719701860925 0.9851485148514854
1 0.6350778616626405 0.4870579915134371 0.008156159309069579 0.9857142857142857
1 0.434060859129099 0.4888967468175388 0.021030412425965483 0.9766619519094766
1 0.7564600319247842 0.49295051353874886 0.007302958053656582 0.9855275443510736
1 0.6999345939986876 0.4844938980617371 0.007597986914499787 0.9738693467336685
