0 0.9069387312564807 0.39919648174372335 0.028376086326878044 0.7973672027036898
1 0.8773402016521656 0.4794520547945205 0.006533278889342519 0.9863013698630136
1 0.8331247807731468 0.4794520547945205 0.00917266838261248 0.9863013698630136
1 0.8004800934453461 0.48630136986301364 0.0137719095199201 0.9726027397260273
1 0.693880264706704 0.4794520547945205 0.005363322011867989 0.9863013698630136
1 0.6476852944227424 0.4794520547945205 0.006260319882204167 0.9863013698630136
1 0.6098147100538415 0.4794520547945205 0.023634786733146836 0.9863013698630136
1 0.4862833801312078 0.4794520547945205 0.006123767891229168 0.9863013698630136
1 0.3837123242984072 0.4794520547945205 0.011962076879757361 0.9863013698630136
1 0.31951020576640243 0.4718434265170767 0.012409796382883347 0.971084113308126
1 0.27402638562727916 0.4794520547945205 0.008526643374000087 0.9863013698630136
1 0.15284985787439717 0.4794520547945205 0.0117511790569673 0.9863013698630136
