0 0.9249833592524052 0.44422266702650837 0.02690473219214383 0.5632742426665598
1 0.8903811153566398 0.47916666666666663 0.005759798957307492 0.986111111111111
1 0.8380212320272492 0.47916666666666663 0.00904942469395133 0.986111111111111
1 0.8062762670913606 0.47916666666666663 0.011715352524415919 0.986111111111111
1 0.7028232564818417 0.47916666666666663 0.007354545811462575 0.986111111111111
1 0.6540113971340653 0.47916666666666663 0.00633955820137679 0.986111111111111
1 0.6204560345060282 0.47916666666666663 0.014006763087984044 0.986111111111111
1 0.48875091704480617 0.47916666666666663 0.006928782979648405 0.986111111111111
1 0.3734215940719222 0.47916666666666663 0.0418937788952052 0.986111111111111
1 0.31753640820682266 0.47916666666666663 0.011968561457377031 0.986111111111111
1 0.3003785923249011 0.47916666666666663 0.009292720702116676 0.986111111111111
1 0.15829734187894282 0.47916666666666663 0.009758615913469425 0.986111111111111
