0 0.09747593794419139 0.4632450423092947 0.02731549880969175 0.9081151696530382
1 0.1373098112531271 0.48397324646890766 0.00666058508719283 0.9723520145248712
1 0.17191151789859682 0.48397324646890766 0.007268102217877791 0.9723520145248712
1 0.20945008309231875 0.48397324646890766 0.01104160370189929 0.9776920406909994
1 0.32267694392689866 0.4847609003284115 0.009504228396318634 0.9899474007422636
1 0.3680168407847241 0.48562197954769976 0.0049284575727546204 0.9850746268656716
1 0.8487881464715442 0.4866432595519719 0.009682205006759878 0.9776920406909997
1 0.7359112797183338 0.48562197954769976 0.005951467629828664 0.9850746268656716
1 0.5313844276484786 0.4879782660935038 0.006859589616025528 0.9643419752756789
1 0.6313809580340713 0.488291992630764 0.010165014542648475 0.9850746268656716
