0 0.0938134674159519 0.5222022950594379 0.028100779178601595 0.80957190957191
1 0.13578005115089511 0.48000000000000004 0.004143222506393873 0.9866666666666667
1 0.17991599438376052 0.48000000000000004 0.011475634731653818 0.9866666666666667
1 0.20991311354798023 0.49369863013698634 0.014283712293732242 0.9592694063926942
1 0.313893134893709 0.48000000000000004 0.008958863048324868 0.9866666666666667
1 0.36375780125714874 0.48000000000000004 0.007877685235584953 0.9866666666666667
1 0.8401184723704872 0.48000000000000004 0.010899444921963845 0.9866666666666667
1 0.5256408825837352 0.48000000000000004 0.005953928764865687 0.9866666666666667
1 0.6245188386282133 0.48000000000000004 0.007764173918825727 0.9866666666666667
1 0.8972308619873863 0.48000000000000004 0.012527625950791182 0.9866666666666667
