0 0.17791468434312874 0.5786036036036035 0.022640146557364304 0.776126126126126
1 0.20549501982016663 0.4791291291291292 0.00615696158970479 0.975075075075075
1 0.2663177426881516 0.4946476964769645 0.011856959492324026 0.9440379403794046
1 0.2967669178519939 0.49464769647696444 0.015532616934944492 0.9440379403794045
1 0.39245949271903846 0.4878726287262869 0.009239373066084898 0.9575880758807594
1 0.4327942501131146 0.5081978319783194 0.009648487444017384 0.9169376693766943
1 0.4843774132240965 0.4946476964769645 0.02363659098795901 0.9440379403794046
1 0.5736918975704814 0.5285230352303524 0.006073469789080463 0.8762872628726285
1 0.8584274901146832 0.4835034013605442 0.0094528237543454 0.966326530612245
1 0.6623406713386146 0.5114583333333333 0.011095876498070305 0.9104166666666667
1 0.7196896348503801 0.5166666666666666 0.010391609737323181 0.9
1 0.7606830218255878 0.48020833333333335 0.0072549833221078365 0.9729166666666667
