0 0.9047393417590427 0.531666720742351 0.029373011513670434 0.8778430291035333
1 0.8697640290341205 0.4779411764705882 0.00532704627312966 0.9852941176470588
1 0.8383646013232707 0.48094315245478053 0.008543166649580242 0.9792901656786742
1 0.8049247430093307 0.4852941176470588 0.012900316545893166 1.0
1 0.6857146715400749 0.4779411764705882 0.006494734121018123 0.9852941176470588
1 0.6396727940088971 0.4779411764705882 0.003665344998990496 0.9852941176470588
1 0.599463841634779 0.4852941176470588 0.02301370058789302 1.0
1 0.47848554740940824 0.4779411764705882 0.005590732100887529 0.9852941176470588
1 0.37846061618950727 0.4779411764705882 0.010748195514217908 0.9852941176470588
1 0.0913030478711574 0.49223856209150313 0.012152834749887913 0.9861111111111114
1 0.270659711671336 0.4852941176470588 0.009042422071449854 1.0
1 0.15212783994574433 0.4779411764705882 0.010879394144907862 0.9852941176470588
1 0.3095329685635679 0.48838834176204377 0.008818426275232558 0.9643997870641478
