0 0.0976948853715475 0.7438613384689454 0.027790901545295753 0.44776119402985115
1 0.1387932241676641 0.4758064516129032 0.04361881197537637 0.9838709677419355
1 0.18489427627263813 0.48286916449609313 0.03494775356740125 0.9697455419755556
1 0.307367023323521 0.48787818072530575 0.016139468463337973 0.9597275095171306
1 0.35541612376820025 0.47786014826688056 0.015464700003794981 0.9797635744339808
1 0.40676460890749117 0.47706325932132365 0.044333037213506336 0.9813573523250946
1 0.5235728911849579 0.47706325932132365 0.01410957214429625 0.9813573523250946
1 0.5427390945493382 0.49193548387096775 0.017273481382767686 0.9838709677419355
1 0.6231967246807822 0.4758064516129032 0.02014862879832273 0.9838709677419355
1 0.6904412516648739 0.482480533926585 0.018275110488490443 0.9705228031145718
1 0.7324666815055123 0.48248053392658496 0.011612671014863702 0.9705228031145717
1 0.8466059023089196 0.47580645161290325 0.016157529079958433 0.9838709677419356
1 0.9126382474553998 0.4831065586301789 0.015984113563129055 0.9692707537073841
