0 0.0959700402621652 0.561353429696149 0.027019861175926963 0.8184696111959372
1 0.12768215498610683 0.4779411764705882 0.0057888237110219195 0.9852941176470588
1 0.16810083615911536 0.4779411764705882 0.008000708147784993 0.9852941176470588
1 0.19832161663660774 0.4779411764705882 0.015942261629352642 0.9852941176470588
1 0.31255142182532636 0.4852941176470588 0.00996289454123784 1.0
1 0.35891632532737544 0.4779411764705882 0.004169769751132597 0.9852941176470588
1 0.4129345388281469 0.4779411764705882 0.018923465096719903 0.9852941176470588
1 0.8497794781869388 0.4779411764705882 0.010129390509591324 0.9852941176470588
1 0.7470766736200996 0.4852941176470588 0.006212189092985124 1.0
1 0.5227347556001488 0.4852941176470588 0.00654381545295573 1.0
1 0.6239427525101303 0.49661269001982794 0.012535637476641161 0.9479510905485794
