0 0.8998458791007169 0.4852941176470586 0.022261907674242288 0.7245337159253947
1 0.8652744903604902 0.48583213773314193 0.004982035984331162 0.9695121951219513
1 0.8355239457094975 0.4822453371592539 0.016425487622238506 0.976685796269728
1 0.7938770580032782 0.4822453371592538 0.020222252122220286 0.9766857962697277
1 0.6779809124342725 0.4939839572192515 0.009893316312573982 0.9532085561497328
1 0.631623242160499 0.4806149732620323 0.005929077555246351 0.9799465240641712
1 0.4670818492952835 0.48507130124777204 0.0063195601145328165 0.9710338680926912
1 0.3708352454282868 0.48507130124777204 0.008957199467254193 0.9710338680926912
1 0.30646288613314693 0.4895276292335117 0.0084760594916061 0.9621212121212118
1 0.27911629690747536 0.4895276292335117 0.006668811559092155 0.9621212121212118
1 0.15259791495699215 0.4806149732620322 0.010159204887389415 0.9799465240641709
