0 0.09121331306187201 0.46334244080145714 0.022144368059227912 0.3415300546448089
1 0.13348972174141996 0.4889571948998179 0.0045686819809891204 0.9665300546448089
1 0.17929850412801088 0.49333040164174724 0.0061175419184611515 0.9577836411609498
1 0.20733901782091968 0.49726277372262756 0.020554242376004738 0.9499188969991889
1 0.3095219751427767 0.48459042984590417 0.010062610516304494 0.975263584752636
1 0.35875602798337897 0.48965936739659366 0.008460078100028565 0.9651257096512574
1 0.40476356332149654 0.48965936739659355 0.036091466176781724 0.9651257096512573
1 0.5161240236264619 0.4921938361719383 0.011211138846990324 0.9600567721005677
1 0.6117898889606407 0.48459042984590417 0.014542516324860642 0.975263584752636
1 0.6846993098069225 0.48712489862124886 0.01467028196373912 0.9701946472019466
1 0.7379694024523641 0.48962728551336154 0.016618674239150175 0.9651898734177212
1 0.8422847643654695 0.4852320675105486 0.010238168992269918 0.9739803094233475
