0 0.9031031124752167 0.5500675067506751 0.02479583901388022 0.8392589258925892
1 0.8654413191448078 0.4806855685568557 0.008322525135442833 0.9780228022802281
1 0.82442820840512 0.4772727272727273 0.018221993501253208 0.9848484848484849
1 0.7858039644684642 0.4778595817328212 0.026566250293640157 0.983674775928297
1 0.6999049964813513 0.48432601880877774 0.013075299085151376 0.970741901776384
1 0.652524881873932 0.48432601880877774 0.011207399215843987 0.970741901776384
1 0.6016818812603998 0.47910135841170326 0.04323005386492339 0.9811912225705329
1 0.49189573157032707 0.48017282196969696 0.013112253956980548 0.9790482954545455
1 0.38986489113176076 0.48477768337581406 0.018305025444906232 0.9698385726423113
1 0.1594774273345702 0.48622589531680444 0.014471243042671621 0.9669421487603306
1 0.3163653013653014 0.48092816274634465 0.019436753722468045 0.9775376139012502
