0 0.9045863924144697 0.44141779788838614 0.024465027586033465 0.6395173453996982
1 0.8639140477152844 0.49168929110105586 0.005311810182065469 0.9632880844645552
1 0.8388256797257715 0.48414781297134246 0.012296353609660129 0.9783710407239822
1 0.8099803394884811 0.4901809954751132 0.015882564658976056 0.9663046757164404
1 0.7033422720406736 0.49847977684797773 0.005564837370083926 0.9497071129707113
1 0.6516838496197636 0.49708507670850766 0.005211959368369267 0.9524965132496515
1 0.6054016707514464 0.4919047619047623 0.0202940655337885 0.9628571428571423
1 0.4832656405111506 0.4954320987654321 0.0093325461580789 0.9558024691358026
1 0.38245210555582476 0.5019298245614036 0.011502262581911825 0.94280701754386
1 0.25693459833308585 0.5144311377245512 0.009595278610418699 0.9178043912175645
1 0.23591096699260108 0.5024550898203595 0.006883190955849083 0.9417564870259483
1 0.16426400891306966 0.49570820021299256 0.012794283261775759 0.9552502662406817
