0 0.8943432636040622 0.4016080750556714 0.026386207839030375 0.8322016573577196
1 0.8636418103225365 0.4782608695652174 0.006306689253023208 0.9855072463768116
1 0.8331805012304349 0.4782608695652174 0.010469104160018339 0.9855072463768116
1 0.7942051616467521 0.4782608695652174 0.010469104160018339 0.9855072463768116
1 0.6829758676892227 0.4782608695652174 0.009625669605920742 0.9855072463768116
1 0.6336578301577637 0.4782608695652174 0.013519198884720092 0.9855072463768116
1 0.5776607483705625 0.4855072463768116 0.02238043704467622 1.0
1 0.46722778939525106 0.4782608695652174 0.01162954079170505 0.9855072463768116
1 0.3685846029414404 0.4782608695652174 0.009165435521456534 0.9855072463768116
1 0.25961163968174483 0.4782608695652174 0.0071535875241433245 0.9855072463768116
1 0.15167411851926943 0.4782608695652174 0.010917377178114217 0.9855072463768116
1 0.29886584323182097 0.48758698268194434 0.009457578550870373 0.9668550201433578
1 0.4481131536832275 0.4856269312791051 0.015123872934025668 0.9707751229490362
1 0.42591209842637634 0.4834508421464943 0.00801493942306484 0.9751273012142578
