0 0.8960454816078992 0.3594527363184079 0.026121067359143445 0.7487562189054725
1 0.8634584224695079 0.47761194029850745 0.00676894352303769 0.9850746268656716
1 0.8194041728026927 0.47761194029850745 0.011662260923651037 0.9850746268656716
1 0.7831596952262476 0.47761194029850745 0.013262963403367904 0.9850746268656716
1 0.6771560319042871 0.47885572139303456 0.012610976594027434 0.9825870646766175
1 0.6321274272420833 0.47761194029850745 0.013946256468689116 0.9850746268656716
1 0.5987294331398706 0.47844112769485925 0.011425843228098918 0.983416252072968
1 0.47382177790951463 0.47952803549818485 0.007410201826951538 0.9812424364663168
1 0.3710535061482219 0.48631840796019893 0.03256895978730477 0.9676616915422886
1 0.30974152368766095 0.48507462686567165 0.009645892174258574 1.0
1 0.27775008308408106 0.47761194029850745 0.013459621136590228 0.9850746268656716
1 0.16075502306639403 0.47761194029850745 0.009885597444953279 0.9850746268656716
