0 0.9016375986116208 0.38931991756576567 0.029000086094005548 0.6546248030064243
1 0.8743388408586655 0.48174433417737444 0.005520020889954646 0.9817168110973058
1 0.8175439453099522 0.47945205479452063 0.005973640379784496 0.9863013698630139
1 0.7856543410934911 0.4794520547945205 0.012928118244683212 0.9863013698630136
1 0.6894594469492212 0.4794520547945204 0.0062515189573712935 0.9863013698630134
1 0.6429687975801377 0.4881693648816935 0.006879735457254298 0.9688667496886677
1 0.09233797520418359 0.48617037203383484 0.011667631974347992 0.972864735384385
1 0.1522814782550455 0.48242757691443966 0.010401529085839635 0.980350325623175
1 0.3812874780606472 0.4800754961910293 0.007995710431116363 0.9850544870699964
1 0.48184301187949485 0.47945205479452063 0.007716583918582136 0.9863013698630139
