0 0.09813198274082552 0.48076527991782236 0.026440770740735867 0.9090909090909093
1 0.13129973875734055 0.47589881869542894 0.004331131524052887 0.9815356959424754
1 0.16502307732736926 0.4797043010752688 0.0118599221959715 0.9739247311827958
1 0.19872219434688074 0.475 0.014604448904499088 0.9833333333333333
1 0.30875485313990636 0.4749999999999999 0.009038284150461335 0.9833333333333332
1 0.35452008159997483 0.4760548523206751 0.00809317786520206 0.9812236286919833
1 0.4133731098888258 0.4749999999999999 0.021562692817907944 0.9833333333333332
1 0.5203200748617771 0.4819444444444444 0.006799485175413818 0.9694444444444446
1 0.6209832882068371 0.4812893081760999 0.009132790237529512 0.9707547169811334
1 0.6918601899099679 0.4812893081761 0.015507105056376603 0.9707547169811336
1 0.7401754690819368 0.4891509433962256 0.009893014676952692 0.9550314465408823
1 0.8466902927383303 0.49412928759894464 0.009595517157067222 0.9450747581354438
