0 0.904339636793986 0.44661054497120084 0.02250243776409115 0.6601683650863979
1 0.8604498967564363 0.48493575542755885 0.0033970640505144667 0.9760744350908284
1 0.8143122541979084 0.48493575542755885 0.009465766198745602 0.9760744350908284
1 0.7885770958520506 0.48427115640230406 0.02000216690141433 0.965883916703589
1 0.6890857857118918 0.49601240584847156 0.005039482114108518 0.9539211342490034
1 0.6389488078482455 0.48936641559592386 0.006776577584029033 0.9672131147540983
1 0.38422356401543467 0.4848921955663529 0.008594960525457006 0.9761615548132406
1 0.3102669911418762 0.49248405709079873 0.009770999814584113 0.9609778317643486
1 0.26389546687071697 0.48868812632857583 0.013564626640561656 0.9685696932887944
1 0.15900634434217664 0.4848921955663529 0.008855413874713308 0.9761615548132406
1 0.5972612320318218 0.48117760617760624 0.044475256568545854 0.9835907335907336
