0 0.9151875645473253 0.442076537169085 0.027450686744052138 0.778754193832256
1 0.8776046688593271 0.48684210526315785 0.004768151510252958 0.9736842105263157
1 0.850015624624408 0.5031328320802005 0.006129660344703236 0.9411027568922304
1 0.8181654287156558 0.518796992481203 0.009975721737458147 0.9097744360902255
1 0.7128964391200401 0.5316272332206663 0.005367645872033039 0.9104297440849832
1 0.666470029799814 0.5242570712495526 0.004998080182924451 0.9251700680272107
1 0.6188133701768878 0.5467836257309944 0.020078551074137297 0.8801169590643271
1 0.4988276294195538 0.521807992202729 0.00707782131305606 0.9300682261208577
1 0.3872880083196285 0.521641274238227 0.011490649999799847 0.9304016620498617
1 0.2731669240142785 0.5164473684210527 0.009837129199682685 0.9407894736842105
1 0.25514589548191735 0.5144736842105262 0.006808701615020934 0.9447368421052632
1 0.15521969705492375 0.4996204453441295 0.011714526075841747 0.9481275303643724
1 0.09680272558149774 0.49866781439580254 0.013612024513249695 0.9500327922610263
