0 0.9158892187152924 0.44483465027802177 0.026756325599240627 0.8486976880304362
1 0.8813062310006786 0.4861720807726076 0.007064310712005621 0.9679543459174713
1 0.831958834061598 0.47885572139303473 0.013690287570308221 0.982587064676617
1 0.7900785985199814 0.49283078987087015 0.021730616465475132 0.9546369277209463
1 0.15200463485012775 0.4834340567103135 0.01124297349054191 0.9734303940420597
1 0.6954125289348262 0.4857656163626314 0.015906112147410986 0.9687672747374237
1 0.6490866847836617 0.47885572139303495 0.014321288856334565 0.9825870646766166
1 0.5622194109544372 0.47885572139303484 0.009813088333604392 0.9825870646766164
1 0.48699206913295773 0.47885572139303495 0.008116843871329611 0.9825870646766166
1 0.28954677476895324 0.49662402274342604 0.008008266815136665 0.9470504619758344
1 0.3343823542367579 0.48477848850983185 0.00613577087032486 0.9707415304430228
1 0.3798318112384367 0.49070125562662875 0.04227196275771625 0.958895996209429
