0 0.10392547524900464 0.628066378066378 0.026967200986808833 0.6919191919191923
1 0.13405257478593027 0.5414862914862916 0.009460381123170545 0.8650793650793653
1 0.18673904217973328 0.4981962481962481 0.016961688627384616 0.951659451659452
1 0.2225628391554064 0.4953102453102453 0.026936750317963273 0.9574314574314575
1 0.3333599256240271 0.483981785849006 0.014339226692667783 0.9800883763539362
1 0.38171150095026884 0.481145360663433 0.016641002106489843 0.9857612267250822
1 0.5356417595031389 0.4820837057679164 0.009799608510697822 0.9838845365161153
1 0.6279062418891811 0.48355899419729204 0.012741551095414553 0.9809339596573641
1 0.7269959175015741 0.48305353183401956 0.00986621727638295 0.981944884383909
1 0.8496783900637567 0.4830854629241727 0.01453380213565489 0.9818810222036027
