0 0.9077823061600798 0.45199798944458425 0.024861706756168788 0.7958448521404041
1 0.8644447177641491 0.48830828649000035 0.005772169215866617 0.9654124125272456
1 0.8425684100460185 0.4861080766149588 0.022440337165370847 0.9698128322773284
1 0.8063898602073348 0.4964314325249435 0.021098837762802768 0.9176316364430848
1 0.700917372861559 0.49703226276309076 0.009820913119238451 0.9479644599810649
1 0.6521382932091999 0.4897494719976696 0.0069502208475860265 0.9625300415119072
1 0.6022949167239166 0.49703226276309076 0.045692427832969215 0.9479644599810649
1 0.4809810661260662 0.4919659735349718 0.012068196183081225 0.9580970384373032
1 0.37492565983850296 0.4784634080475291 0.020672130469766237 0.9851021694121881
1 0.29870780391718077 0.47846340804752924 0.018983954668186306 0.9851021694121883
1 0.24140397511137407 0.4919659735349718 0.013779572158104833 0.9580970384373032
1 0.1697250932905283 0.48746511837249085 0.009720164604991796 0.9670987487622648
