0 0.9056922715641499 0.42138488300319843 0.023280860298642927 0.7182537455810558
1 0.8614914793142313 0.5170444980640817 0.004519414431267641 0.9095729757028225
1 0.8164035206444835 0.4917933898209977 0.009896245447941064 0.9600751921889906
1 0.7879779878742869 0.4861820324336457 0.0194462423245462 0.9712979069636944
1 0.6899592567082221 0.4889877111273216 0.01006054690849239 0.9656865495763427
1 0.6410055744908814 0.49459906851467367 0.011349891572375953 0.9544638348016382
1 0.5934870041983061 0.49271734826630476 0.036636887555524265 0.9582272752983765
1 0.3832187169858987 0.4823943661971831 0.014066160259060174 0.9788732394366197
1 0.26064112825862773 0.4823943661971831 0.012813421828908551 0.9788732394366197
1 0.15909888547083673 0.501173708920188 0.011625955223516194 0.94131455399061
