0 0.9050646451680613 0.49416825451815927 0.020990001493519306 0.6928806513078121
1 0.8622836463919776 0.4899499654934438 0.0041482741126568625 0.9621290545203588
1 0.8403932125524407 0.4871148862654765 0.009731586373559396 0.9677992129762935
1 0.8087380868899264 0.4799164987042902 0.027944715148774484 0.982195988098666
1 0.7008822549625177 0.4817652649085292 0.009550979936828023 0.9784984556901876
1 0.6478047666718124 0.4837451492832819 0.009142289778369186 0.9745386869406826
1 0.4818666813573371 0.4880421510856293 0.008357431654852608 0.9659446833359877
1 0.4655954223456757 0.4827334501247545 0.008102787864692654 0.9765620852577375
1 0.3814670047952723 0.4827334501247545 0.014274698621203145 0.9765620852577375
1 0.3095617004802267 0.4782608695652174 0.0189883114636617 0.9855072463768116
1 0.25514176990940707 0.48067632850241543 0.0124787441416781 0.9806763285024155
1 0.1610872067930022 0.48366295191754294 0.01192455897790411 0.9747030816721605
