0 0.09289088726162094 0.5765417977313888 0.03214099864973794 0.6934515298827568
1 0.15400478543757673 0.4807692307692307 0.006846372828782038 0.9871794871794871
1 0.20726990276072474 0.4807692307692307 0.008983324093504814 0.9871794871794871
1 0.2367968720509754 0.4807692307692307 0.012044060235965713 0.9871794871794871
1 0.34234613315312384 0.4807692307692307 0.006759478210455675 0.9871794871794871
1 0.6395449808839826 0.4807692307692307 0.010334594922270518 0.9871794871794871
1 0.5438455574338911 0.4807692307692307 0.007860120264880319 0.9871794871794871
1 0.3870220935157629 0.4807692307692307 0.007662496779458095 0.9871794871794871
1 0.897775686721906 0.482538233280073 0.011731489151810848 0.9836414821578027
1 0.8388711754895782 0.48348930989880545 0.00916893667013292 0.9817393289203378
1 0.5619896409202781 0.4955877455877455 0.012740109302206993 0.9575424575424577
