0 0.09222205059350531 0.5621045621045624 0.028516771426195037 0.4412254412254413
1 0.15311723957652593 0.4807692307692307 0.007723292261261155 0.9871794871794871
1 0.20732881025653213 0.4996669996669997 0.00980264017775455 0.9490509490509493
1 0.23597432572418017 0.4955877455877456 0.01837751992663417 0.9575424575424578
1 0.34273023605413105 0.4997502497502497 0.0061315667958252405 0.9492174492174493
1 0.38674683047967584 0.483016983016983 0.006238043749480159 0.9157509157509159
1 0.5431393784033751 0.4955877455877456 0.007715051527582942 0.9575424575424578
1 0.5630458288280795 0.4913419913419915 0.01188198809424797 0.9657009657009656
1 0.6388152711024109 0.4955877455877456 0.010143226227112322 0.9575424575424578
1 0.8395991017217 0.4996669996669997 0.009505590475398376 0.9490509490509493
1 0.8978694644787967 0.4955877455877455 0.012573329689523646 0.9575424575424577
