0 0.09324927411549633 0.5060331825037707 0.031141341362870566 0.4839115133232781
1 0.154469011734195 0.4998114630467571 0.008851992712394683 0.9490950226244343
1 0.20627867691866517 0.49038461538461536 0.010757877191095827 0.967948717948718
1 0.23741800193569207 0.48724233283056806 0.021507688998817078 0.9742332830568126
1 0.34215261557016163 0.4890030946065429 0.016209662836723655 0.9707117595048628
1 0.3866875513054716 0.4834770114942528 0.014265854675495862 0.9817639257294426
1 0.5436998832367675 0.49643202709240447 0.01091913455328393 0.9558538945331396
1 0.6389907168735592 0.49038461538461536 0.01696077216248882 0.967948717948718
1 0.8396168700329165 0.49249325236167313 0.01443531805101536 0.9637314439946024
1 0.7474569036729829 0.48871527777777773 0.014271287540968763 0.9712873931623929
