0 0.09471434762466942 0.4678518203108367 0.024209094848842597 0.732382371726634
1 0.1501216717532719 0.4910048967426017 0.005908570578887046 0.9660421545667447
1 0.1970859769592433 0.49275219729765196 0.01065584478706294 0.9625475534566443
1 0.2274627362243094 0.48291355109536926 0.02076619508059031 0.9822248458612096
1 0.3366664158153197 0.48264907135874874 0.007714968641647037 0.9827538053344508
1 0.38361214975220914 0.4966136014523109 0.006527972277670928 0.9548247451473263
1 0.4288157490953974 0.48264907135874874 0.03714355943308807 0.9827538053344508
1 0.5418345242646122 0.4870129870129867 0.007351427647249042 0.9356235162686779
1 0.6376043727691918 0.4896313364055298 0.009714386533864925 0.9687892752408885
1 0.7036875934545924 0.48963133640552975 0.010535320607149267 0.9687892752408883
1 0.8415312590243486 0.4896313364055298 0.011769352916028594 0.9687892752408885
1 0.7569250448437086 0.4896313364055298 0.009189284559061405 0.9687892752408885
