0 0.09718328225859031 0.39233954451345776 0.027710764817108942 0.7556935817805387
1 0.15509950490008562 0.4869594554949247 0.004600287016312998 0.9681100745173971
1 0.2005932977688044 0.48255882180367315 0.009664043766191992 0.9769113418999001
1 0.2313177658779424 0.48549257759784076 0.020482594731584 0.9710438303115648
1 0.3380916948726771 0.4837561731383751 0.009494698714319256 0.9745166392304961
1 0.38322046444541086 0.4853700655240308 0.010096133061761976 0.9712888544591848
1 0.4326477494036111 0.4957903995978889 0.038333913973839236 0.9504481863114685
1 0.5427931265448381 0.494918125352908 0.010076641751675965 0.9504987765857331
1 0.46785861502181875 0.5000470543948804 0.007208039553616473 0.9419348767174851
1 0.5623898569914009 0.4953416149068323 0.009556279270549212 0.9513457556935817
1 0.6364806193522297 0.4906361754187841 0.01370110130648521 0.9607566346696781
1 0.7041077824698496 0.4989673037877196 0.016959724732615776 0.9440943779318072
1 0.7544057373348085 0.5024679689140935 0.011720829363941795 0.9370930476790593
1 0.8395949840647395 0.49546663866134544 0.010558742893169742 0.9510957081845556
1 0.8977312386205983 0.4849646432822236 0.012617858169323653 0.9720996989427992
