0 0.09433280490434774 0.6543780211711436 0.028643814170786264 0.5568133145689284
1 0.1554066974052655 0.4874717004221992 0.00724328907534804 0.9572599889861099
1 0.2020619125861273 0.4752323454826055 0.013805275839381754 0.9572565896374253
1 0.23277558984021213 0.48439818792470524 0.022274394097473935 0.963407013981098
1 0.34229770909731877 0.4909022931206377 0.008218711561231867 0.9503988035892331
1 0.3865128162422033 0.4971335992023926 0.008802569798319915 0.9379361914257235
1 0.544689210095181 0.4909022931206377 0.00796965969573997 0.9503988035892331
1 0.6386085031945209 0.4909022931206377 0.009386207858959692 0.9503988035892331
1 0.704134409131317 0.48408153916628494 0.012435228174598119 0.9640403114979389
1 0.7564730354744034 0.4917162925637504 0.009480909480909516 0.948770804703008
1 0.839297877596055 0.5069857993586807 0.009164353886563883 0.9182317911131471
