0 0.09372896445399866 0.6545601291364004 0.028499772001823985 0.5599273607748183
1 0.15538759531810015 0.4912732041969331 0.0076896153208028005 0.9496569814366425
1 0.20387228190558987 0.4811844229217111 0.00938832208968497 0.9698345439870862
1 0.23744928203839677 0.48875100887812756 0.019814204751668143 0.9547013720742533
1 0.3420760645878239 0.47866222760290567 0.00839810663639951 0.9748789346246974
1 0.38525172532564694 0.4761400322841001 0.008707259306538907 0.9799233252623084
1 0.5448341925994437 0.48622881355932207 0.00677476263358216 0.9597457627118641
1 0.4296774991252479 0.47835547411818585 0.03290063691241354 0.9754924415941365
1 0.6392477007747559 0.48217285081691863 0.010833759058868134 0.9678576881966712
1 0.7043515850454756 0.4859902275156511 0.01245877247856469 0.9602229347992063
1 0.7551224897326129 0.49362498091311646 0.009244663143431985 0.9449534280042753
1 0.8401036280653243 0.4783554741181859 0.009543432252050585 0.9754924415941366
