0 0.09392136263859499 0.5033359228624962 0.027211871632530884 0.42955719051318375
1 0.1552007611681048 0.4945277155783028 0.007939095334116839 0.960311657450989
1 0.20630920516506399 0.48995795823241794 0.010544041109558462 0.969451172142759
1 0.24124842844569633 0.48995795823241794 0.02138097224993798 0.969451172142759
1 0.3435610599960166 0.48995795823241794 0.010290307499970144 0.969451172142759
1 0.3879478265553832 0.49452771557830283 0.011656010526331417 0.9603116574509892
1 0.5437624672976521 0.48538820088653295 0.008946944546603445 0.978590686834529
1 0.6394400941881702 0.5013823515971303 0.012952585148517774 0.9466023854133344
1 0.5641002375247653 0.493277284463757 0.012747588727372815 0.9628125196800809
1 0.7481473899375198 0.493277284463757 0.01355998423242178 0.9628125196800809
1 0.8395488369613933 0.4964260973612946 0.01135825316454026 0.9565148938850057
