0 0.09385259014986606 0.49246656075436884 0.02663298087788964 0.4176702711013171
1 0.15530341009956755 0.4895069953364423 0.005642543534250025 0.9703530979347103
1 0.2071218502215315 0.4920340462680053 0.009996760413762953 0.9652989960715843
1 0.24272900552921348 0.4920340462680053 0.022295805044028907 0.9652989960715843
1 0.3434255919093902 0.49607158446093425 0.010396811644429068 0.9471846355303363
1 0.3881708081848138 0.48985159319074645 0.01041165307352325 0.9696639022261021
1 0.5441896825849415 0.4854866870362287 0.007709558456063183 0.9783937145351375
1 0.5658877907535732 0.4942164993452641 0.010463692910558601 0.9609340899170667
1 0.638887033415358 0.4876691401134876 0.01342725439864989 0.9740288083806197
1 0.7482188939991258 0.4854866870362287 0.011867601643279279 0.9783937145351375
1 0.8393470227849853 0.4876691401134876 0.010446853496751998 0.9740288083806197
