0 0.09702778356205277 0.5251327619748671 0.023956112402079385 0.6835269993164729
1 0.15141205356451992 0.4893133182606868 0.005388701100576318 0.9694253115305749
1 0.19862021535670743 0.4846430941321453 0.014120117346481113 0.9669162953834485
1 0.22762582592157812 0.4852355673523557 0.024289058525792415 0.9775808133472368
1 0.3399146437035696 0.48997535311403934 0.009323056282413578 0.9681012418238695
1 0.38449434056783055 0.48997535311403934 0.007116984827822509 0.9681012418238695
1 0.5434196635807135 0.4828656744715139 0.009009240347622906 0.9823205991089203
1 0.5642493487211235 0.48760546023319756 0.009471091782239338 0.972841027585553
1 0.6391523029080797 0.4923452459948811 0.008440923090212542 0.9633614560621859
1 0.8419255631711902 0.4947151388757229 0.011647158755524849 0.9586216703005024
