0 0.09769407238200313 0.36865394492513137 0.02730233981052176 0.45039706056655204
1 0.158670941292157 0.4807692307692307 0.004266093303726641 0.9871794871794871
1 0.20520975314251094 0.4807692307692307 0.00989449240244333 0.9871794871794871
1 0.23600383663991115 0.4807692307692307 0.012923418648089232 0.9871794871794871
1 0.3423278638367742 0.48470623864324663 0.011032070567079244 0.9793054714314559
1 0.3869372147360699 0.48470623864324663 0.011350594565315083 0.9793054714314559
1 0.44237678457272617 0.4832444782939831 0.004420147343481055 0.9822289921299825
1 0.5431430675378697 0.4838305933292739 0.007116076850825728 0.9810567620594008
1 0.8395358650222751 0.4856711915535446 0.007993075956835793 0.9773755656108595
1 0.6373704165897704 0.49119399119399093 0.010389000449698057 0.9663299663299668
1 0.7038882084575601 0.4952904238618523 0.010906719467763094 0.9581371009942437
1 0.7546196156685047 0.49856096284667706 0.006666189398743747 0.9515960230245945
